deceptive-trap
10 5 1 2
0.36
0.18000000000000005
0.54
0.36
0.18000000000000005
1
0.36
0.18000000000000005
0.54
0.36
0.72
0.54
0.36
0.18000000000000005
0.54
0.36
0.54
0.36
0.72
0.54
0.36
0.18000000000000005
0.54
0.36
0.72
0.54
0.9
0.72
0.54
0.36
0.72
0.54
0.36
0.18000000000000005
0.18000000000000005
1
0.54
0.36
0.36
0.18000000000000005
0.54
0.36
0.36
0.18000000000000005
0.72
0.54
0.54
0.36
0.54
0.36
0.36
0.18000000000000005
0.72
0.54
0.54
0.36
0.72
0.54
0.54
0.36
0.9
0.72
0.72
0.54
0.72
0.54
0.54
0.36
0.54
0.36
0.36
0.18000000000000005
0.54
0.36
0.36
0.18000000000000005
0.36
0.18000000000000005
0.18000000000000005
1
0.9
0.72
0.72
0.54
0.72
0.54
0.54
0.36
0.72
0.54
0.54
0.36
0.54
0.36
0.36
0.18000000000000005
0.36
0.54
0.54
0.72
0.54
0.72
0.72
0.9
0.18000000000000005
0.36
0.36
0.54
0.36
0.54
0.54
0.72
0.18000000000000005
0.36
0.36
0.54
0.36
0.54
0.54
0.72
1
0.18000000000000005
0.18000000000000005
0.36
0.18000000000000005
0.36
0.36
0.54
0.54
0.72
0.36
0.54
0.36
0.54
0.18000000000000005
0.36
0.36
0.54
0.18000000000000005
0.36
0.18000000000000005
0.36
1
0.18000000000000005
0.72
0.9
0.54
0.72
0.54
0.72
0.36
0.54
0.54
0.72
0.36
0.54
0.36
0.54
0.18000000000000005
0.36
0.54
0.72
0.36
0.54
0.36
0.54
0.18000000000000005
0.36
0.72
0.9
0.54
0.72
0.54
0.72
0.36
0.54
0.36
0.54
0.18000000000000005
0.36
0.18000000000000005
0.36
1
0.18000000000000005
0.54
0.72
0.36
0.54
0.36
0.54
0.18000000000000005
0.36
0.54
0.36
0.36
0.18000000000000005
0.36
0.18000000000000005
0.18000000000000005
1
0.72
0.54
0.54
0.36
0.54
0.36
0.36
0.18000000000000005
0.72
0.54
0.54
0.36
0.54
0.36
0.36
0.18000000000000005
0.9
0.72
0.72
0.54
0.72
0.54
0.54
0.36
0.36
0.54
0.54
0.72
0.54
0.72
0.72
0.9
0.18000000000000005
0.36
0.36
0.54
0.36
0.54
0.54
0.72
0.18000000000000005
0.36
0.36
0.54
0.36
0.54
0.54
0.72
1
0.18000000000000005
0.18000000000000005
0.36
0.18000000000000005
0.36
0.36
0.54
0.18000000000000005
0.36
1
0.18000000000000005
0.36
0.54
0.18000000000000005
0.36
0.36
0.54
0.18000000000000005
0.36
0.54
0.72
0.36
0.54
0.36
0.54
0.18000000000000005
0.36
0.54
0.72
0.36
0.54
0.54
0.72
0.36
0.54
0.72
0.9
0.54
0.72
0.54
0.36
0.36
0.18000000000000005
0.36
0.18000000000000005
0.18000000000000005
1
0.72
0.54
0.54
0.36
0.54
0.36
0.36
0.18000000000000005
0.72
0.54
0.54
0.36
0.54
0.36
0.36
0.18000000000000005
0.9
0.72
0.72
0.54
0.72
0.54
0.54
0.36
